index;minor_max;minor_min;minor_mean;major_max;major_min;major_mean
3;17.5;9.9;12.856640181611805;20.3;14.9;17.596367763904652
4;18.7;12.2;15.48265306122449;22.4;13.5;17.79784580498866
5;19.6;15.5;17.535239206534424;23.9;12.8;18.088564760793467
6;21.2;16.5;18.196923076923078;25.6;13.7;18.72153846153846
3;16.7;9.7;12.447755102040816;21.2;13.6;18.266326530612243
4;18.1;13.2;15.42874617737003;24.4;15.2;18.742813455657494
5;20.0;16.1;17.431326530612246;23.9;13.3;17.7484693877551
6;20.2;16.6;18.099014778325124;22.3;12.4;17.33152709359606
3;15.9;10.0;12.679353493222106;21.3;14.2;17.147653806047966
4;18.2;13.5;15.1509375;21.4;15.9;18.486666666666668
5;19.6;16.0;17.286311389759664;24.2;15.0;19.179937304075235
6;20.9;16.8;18.13361858190709;23.8;14.1;18.681784841075796
3;19.4;10.0;12.544022988505747;23.5;13.5;16.333333333333332
4;18.5;13.1;15.199885583524027;23.5;15.3;19.284439359267733
5;19.5;15.7;17.365964912280702;24.9;13.6;18.28233918128655
6;20.9;16.8;18.580834914611007;23.2;13.9;18.30550284629981
