index;minor_max;minor_min;minor_mean;major_max;major_min;major_mean
3;16.3;9.4;12.276352705410822;22.5;14.2;16.68867735470942
4;18.3;13.3;15.063034623217922;24.7;15.6;19.333299389002036
5;21.4;12.7;17.252952952952953;23.2;14.1;18.586986986986986
6;20.6;16.1;18.19272517321016;22.9;13.5;17.55727482678984
3;15.6;9.9;12.672032193158953;21.4;13.6;15.678672032193159
4;18.1;13.1;14.852361809045226;21.2;14.7;17.13527638190955
5;20.0;16.2;17.06518668012109;22.4;14.0;18.111200807265387
6;20.7;16.4;18.085913853317813;23.2;14.2;17.932363213038418
3;16.6;10.3;12.557551020408162;21.9;14.2;17.207857142857144
4;18.3;13.5;15.18032619775739;23.6;15.3;18.924974515800205
5;19.3;15.5;17.142915392456676;23.4;13.2;18.435575942915392
6;20.7;16.4;17.89988888888889;23.9;13.9;18.545666666666666
3;16.9;10.5;12.802795698924731;22.3;13.5;16.79494623655914
4;18.7;13.3;15.409871244635193;25.8;17.1;20.223175965665238
5;19.6;15.9;17.46030534351145;26.2;15.5;20.272300981461285
6;20.4;16.5;18.29427966101695;23.0;14.7;18.594491525423727
