index;step;shift_max;shift_min;shift_mean;slide_max;slide_min;slide_mean;rise_max;rise_min;rise_mean;tilt_max;tilt_min;tilt_mean;roll_max;roll_min;roll_mean;twist_max;twist_min;twist_mean
1;GA/TC;4.49;-5.4;-0.24997;6.94;-4.56;1.00118;5.34;-4.5;0.09138;159.07;-154.47;-21.28871;142.68;-141.61;19.56184;179.94;-179.74;1.91023
2;AA/TT;1.1;-3.06;-0.8764235764235764;2.06;-1.99;0.01969030969030969;4.48;2.54;3.4174625374625376;13.07;-14.03;-0.518031968031968;22.52;-19.78;1.5935664335664335;48.81;18.33;37.28061938061938
3;AC/GT;1.69;-2.31;-0.0760939060939061;0.92;-2.42;-0.5885814185814185;4.5;2.59;3.4049550449550448;12.84;-16.29;-0.6922877122877122;12.18;-18.76;-1.5824275724275725;47.98;24.62;36.87147852147852
4;CC/GG;1.5;-1.4;0.14671013039117353;0.32;-3.19;-1.1851955867602808;7.71;2.88;3.752668004012036;15.49;-13.78;-1.6424373119358073;36.32;-19.06;-1.7678936810431294;67.32;24.93;35.908635907723166
5;CA/TG;1.96;-3.05;-0.1311060948081264;1.8;-3.69;-1.4441873589164786;7.74;2.46;6.720553047404064;18.38;-13.46;3.0835327313769754;40.89;-10.5;25.283419864559818;73.13;18.41;49.863961625282165
6;AT/AT;2.95;-2.71;-1.0077822177822178;2.36;-1.57;0.7831268731268731;4.23;1.86;3.0336863136863137;10.15;-16.45;-2.935884115884116;22.49;-26.98;-0.33525474525474525;49.41;17.53;36.39743256743257
7;AG/CT;3.75;-2.1;0.3039794871794872;1.79;-2.29;-0.8277025641025642;4.59;2.1;3.2632615384615384;12.57;-11.58;0.3436102564102564;14.44;-20.31;-3.7763384615384616;60.52;15.7;31.952348717948716
8;GA/TC;5.3;-1.85;0.39648798521256934;2.29;-2.16;-0.5419038817005545;5.11;2.31;3.6149537892791126;16.21;-18.11;-0.026524953789279125;39.77;-28.04;8.216598890942699;86.71;16.38;36.23634011090573
1;GA/TC;4.98;-4.79;0.0018700000000000001;5.4;-4.25;-0.18514;5.06;-3.56;2.91546;153.97;-150.73;-9.59766;129.49;-135.83;8.961219999999999;178.38;-178.76;27.09395
2;AA/TT;1.25;-2.4;-0.5532767232767233;1.88;-2.3;-0.16123876123876124;4.9;2.53;3.426963036963037;12.01;-16.12;-0.1707992007992008;17.18;-15.7;1.472927072927073;51.55;20.74;38.90734265734266
3;AC/GT;1.35;-1.72;-0.0364035964035964;0.64;-2.16;-0.7496603396603396;4.79;2.51;3.3657142857142857;11.39;-12.18;-0.9187112887112887;11.93;-18.73;-1.3626873126873127;47.14;24.33;35.70067932067932
4;CC/GG;1.67;-1.82;-0.3021878121878122;0.95;-2.41;-1.0414285714285714;7.58;2.82;3.5544355644355643;19.76;-15.24;-1.8699500499500499;39.94;-13.48;-0.8180819180819181;60.48;26.21;36.26198801198801
5;CA/TG;1.68;-2.21;-0.2916921508664628;1.69;-2.71;-0.9313251783893985;7.71;2.98;6.848542303771661;21.5;-12.41;4.531192660550459;38.42;-7.82;21.69178389398573;66.18;25.31;53.612008154943936
6;AT/AT;1.04;-2.86;-1.3582017982017982;2.33;-1.03;0.9474825174825174;3.95;2.33;3.06987012987013;12.4;-14.34;-0.7001798201798202;19.7;-13.51;1.3682717282717283;42.83;21.42;32.443576423576424
7;TG/CA;3.23;-0.94;0.5586;0.58;-2.21;-0.86221;4.69;2.38;3.31419;12.94;-13.72;0.66055;28.81;-27.23;-2.47532;44.25;23.16;33.41027
8;AG/CT;3.75;-1.79;0.629132530120482;1.49;-2.37;-0.6470361445783133;5.06;2.44;3.6765180722891566;19.23;-17.54;0.6906626506024096;39.15;-21.12;8.921795180722892;68.52;19.72;35.830746987951805
1;GA/TC;3.79;-5.97;-0.15873;5.32;-4.39;1.10224;4.9;-4.17;1.09344;150.62;-152.01;-33.01949;141.29;-129.73;26.89198;179.88;-179.77;0.33079
2;AA/TT;0.96;-2.46;-0.8015984015984016;1.67;-2.01;0.00961038961038961;4.35;2.61;3.4072927072927075;10.13;-16.97;-1.6867732267732267;17.9;-14.29;3.3613086913086914;55.42;23.89;40.14057942057942
3;AC/GT;1.19;-1.72;0.020399600399600402;0.28;-2.31;-0.9375824175824176;4.59;2.59;3.4786213786213787;14.52;-10.42;1.4246753246753248;13.74;-14.87;-0.44040959040959043;45.58;20.91;32.35212787212787
4;CC/GG;1.54;-1.36;0.22157314629258518;0.32;-2.85;-1.2989078156312626;7.46;2.72;3.673557114228457;16.18;-14.3;-2.566703406813627;32.16;-16.88;-2.340320641282565;56.46;25.07;36.825090180360725
5;CA/TG;1.8;-2.15;-0.1937902388369678;2.32;-3.06;-1.0188058151609554;7.76;2.53;6.767725856697819;22.13;-12.05;2.7195742471443407;39.89;-10.89;21.90031152647975;61.63;32.01;50.891952232606435
6;AT/AT;1.27;-2.78;-1.0594105894105894;2.24;-2.22;1.0404995004995006;4.74;2.32;3.054835164835165;11.92;-13.98;-2.5125674325674328;15.61;-18.22;-1.9883516483516483;55.68;23.75;37.16141858141858
7;TG/CA;2.6;-3.24;0.2510631895687061;1.01;-2.84;-0.8223871614844533;5.02;2.63;3.330210631895687;10.88;-14.39;0.4467502507522568;29.19;-20.3;-3.2523971915747243;65.1;17.4;32.577492477432294
8;AG/CT;4.21;-3.87;0.32654205607476633;3.56;-3.47;-0.5911799065420561;4.91;0.23;3.643142523364486;175.34;-176.06;-0.14294392523364485;31.97;-24.1;8.66788551401869;98.44;-178.84;36.027908878504675
1;GA/TC;5.85;-4.37;-0.0655858585858586;5.58;-4.46;-0.040414141414141416;5.02;-4.76;2.6493030303030305;156.82;-152.98;-9.071636363636363;155.26;-132.06;11.399252525252525;178.44;-177.3;29.35929292929293
2;AA/TT;1.57;-2.64;-0.5995704295704296;1.81;-2.01;0.06016983016983017;4.48;2.51;3.4024775224775223;14.75;-21.02;-0.5661638361638361;20.62;-17.4;2.7817282717282716;52.65;20.49;38.731708291708294
3;AC/GT;1.2;-2.41;-0.27508;1.04;-2.3;-0.48314;7.23;2.4;3.41899;12.95;-14.72;-0.55724;31.04;-15.48;0.79916;53.98;20.38;36.07006
4;CA/TG;1.73;-2.3;0.3512588116817724;1.06;-2.75;-1.0448036253776436;7.67;2.48;3.6898187311178248;14.29;-14.67;-1.2456998992950654;33.09;-23.48;-0.016676737160120837;54.05;25.81;36.5477139979859
5;AT/AT;1.52;-2.21;-0.2833445945945946;1.96;-2.94;-0.7088963963963963;7.74;2.51;6.655213963963964;20.24;-13.79;0.028862612612612613;36.73;-16.51;20.94463963963964;59.33;22.1;46.52470720720721
6;TG/CA;1.2;-2.91;-1.22764824120603;2.24;-1.65;0.7053768844221106;4.09;2.3;3.0875477386934675;15.0;-15.52;-0.456964824120603;20.7;-23.11;0.26467336683417086;44.39;18.05;35.132231155778896
7;AG/CT;2.23;-1.13;0.41091375770020533;1.02;-2.45;-0.9279774127310062;4.57;2.46;3.3084804928131417;18.55;-13.34;0.6146611909650924;23.41;-23.11;-2.534301848049281;43.6;19.94;32.796232032854206
8;GA/TC;3.45;-2.39;0.621640127388535;0.97;-2.43;-0.7163535031847134;5.46;2.64;3.705907643312102;22.41;-17.84;2.0418152866242036;34.69;-21.95;7.307229299363057;49.97;17.5;36.5568949044586
