index;minor_max;minor_min;minor_mean;major_max;major_min;major_mean
3;16.0;10.0;12.74074074074074;22.1;12.0;15.78948948948949
4;19.0;13.2;14.8046;23.6;15.1;17.9352
5;19.3;15.9;17.025547445255473;23.1;14.4;18.90667361835245
6;19.9;16.9;18.160162601626016;22.6;14.2;18.020867208672087
3;16.9;10.5;12.736646586345381;20.5;13.5;16.113755020080323
4;18.9;13.0;14.903410230692076;22.2;14.6;18.25887662988967
5;19.5;15.7;17.10050352467271;22.7;13.6;18.252567975830814
6;21.0;16.5;18.106485849056604;21.7;13.2;17.41698113207547
3;17.5;10.3;13.024245577523413;21.7;14.1;17.208116545265348
4;18.3;13.6;15.432120582120582;22.1;15.0;18.547089397089398
5;19.8;15.6;17.128224101479915;23.2;13.1;17.519978858350953
6;19.9;16.1;17.63288508557457;24.6;13.4;17.847432762836185
3;16.1;10.3;12.999385875127942;21.5;13.9;16.373183213920164
4;19.2;13.4;15.486912065439673;22.2;15.0;18.36359918200409
5;21.3;15.7;17.564330543933053;23.1;14.1;18.283054393305438
6;20.5;16.6;18.309327846364884;24.1;13.3;17.98971193415638
