index;step;shift_max;shift_min;shift_mean;slide_max;slide_min;slide_mean;rise_max;rise_min;rise_mean;tilt_max;tilt_min;tilt_mean;roll_max;roll_min;roll_mean;twist_max;twist_min;twist_mean
1;GA/TC;3.7;-3.98;-0.009460000000000001;5.37;-4.06;-0.58912;5.09;-4.14;3.07116;141.22;-146.2;-2.27581;141.94;-135.17;4.86182;179.61;-178.61;34.3247
2;AC/GT;1.82;-2.34;-0.5441258741258741;1.39;-2.14;-0.32436563436563437;4.68;2.65;3.4182917082917084;13.16;-17.68;-0.7085814185814185;19.6;-17.37;-0.745084915084915;49.3;23.45;38.26146853146853
3;CC/GG;1.93;-1.39;0.14068931068931068;0.83;-2.36;-0.8621678321678322;4.66;2.71;3.476873126873127;13.32;-14.17;0.803036963036963;11.37;-18.88;-4.659370629370629;48.28;24.21;35.7434965034965
4;CC/GG;1.32;-1.6;0.08083;0.97;-2.41;-1.23631;7.18;2.9;3.8834;13.17;-13.83;-1.84574;27.0;-16.87;1.87341;59.19;26.07;37.71937
5;CA/TG;5.37;-2.36;-0.70735;5.06;-2.71;-0.54454;7.53;2.57;6.43231;34.63;-13.7;1.97089;38.62;-35.18;16.38256;142.99;-45.64;50.13859
6;AT/AT;1.27;-4.54;-1.247962037962038;2.17;-4.38;0.5432367632367633;5.9;1.46;3.1122577422577424;33.15;-35.79;-2.1957242757242756;38.1;-20.25;1.4175624375624376;91.74;-93.55;36.016473526473526
7;TG/CA;3.06;-2.36;0.3102897102897103;1.07;-2.29;-0.8104295704295704;5.07;2.5;3.314975024975025;15.52;-11.3;1.1732967032967032;29.97;-26.39;-1.862957042957043;47.58;18.19;32.25040959040959
8;AG/CT;2.85;-1.78;0.6652133794694348;2.15;-2.36;-0.5755363321799308;5.35;2.33;3.661141868512111;22.49;-16.81;1.0675086505190312;34.8;-21.61;8.22489042675894;73.15;19.45;36.75910034602076
1;GA/TC;4.62;-4.73;-0.21192;5.46;-4.09;0.72584;5.7;-4.22;0.88885;152.88;-157.02;-16.97513;138.38;-141.31;19.78097;179.99;-179.58;14.46996
2;AC/GT;1.48;-2.93;-1.08998001998002;1.83;-1.82;0.5364335664335664;4.47;2.58;3.3621678321678323;9.45;-15.45;-2.176133866133866;17.39;-18.44;2.227802197802198;51.66;26.85;38.582087912087914
3;CC/GG;1.92;-1.28;0.5234765234765235;0.77;-1.94;-0.5318181818181819;4.51;2.6;3.385944055944056;15.75;-13.34;2.077982017982018;12.63;-16.02;-1.9378321678321677;48.27;22.74;36.91263736263736
4;CC/GG;1.59;-2.06;0.2102;1.1;-2.47;-1.22054;7.68;2.82;3.93424;15.91;-15.69;-1.76487;32.44;-13.69;2.61512;62.86;25.46;37.99095
5;CA/TG;1.13;-2.57;-0.6859236947791164;1.87;-2.89;-0.5559939759036144;7.77;2.65;6.563714859437751;24.79;-10.66;5.024467871485943;36.36;-9.59;19.144668674698796;63.36;29.54;50.84234939759036
6;AT/AT;1.42;-2.35;-1.1488711288711289;2.05;-2.16;0.8685114885114885;4.09;2.34;3.082697302697303;12.87;-13.48;-2.131128871128871;15.06;-17.8;0.17835164835164835;43.78;22.02;35.582397602397606
7;TG/CA;2.39;-1.63;0.43463390170511534;1.38;-2.09;-0.8165095285857573;4.67;2.63;3.299418254764293;17.29;-11.32;0.6414042126379137;27.24;-18.6;-2.302988966900702;49.12;19.98;32.50100300902708
8;AG/CT;2.54;-2.11;0.6396180555555555;2.27;-2.27;-0.5118402777777777;5.25;2.51;3.596423611111111;17.87;-17.49;0.25015046296296295;31.75;-25.14;8.629189814814815;83.49;17.11;36.3890625
1;GA/TC;4.77;-4.98;-0.56293;5.34;-4.48;-0.48914;5.84;-3.91;1.88724;157.3;-157.58;13.92436;136.77;-135.49;-8.28136;179.62;-178.11;33.1755
2;AC/GT;1.71;-3.27;-0.534955044955045;1.55;-2.2;-0.12520479520479522;4.34;2.55;3.3231668331668334;13.28;-13.89;-1.0228171828171828;16.54;-16.74;0.22724275724275725;50.42;19.29;36.83618381618382
3;CC/GG;1.88;-2.07;0.014675324675324675;0.44;-2.19;-0.7705094905094905;4.66;2.67;3.413026973026973;11.53;-11.9;1.0458241758241758;12.07;-18.85;-3.1920779220779223;46.83;21.48;36.03402597402597
4;CA/TG;1.36;-1.16;0.12777;0.68;-2.54;-1.28218;7.56;2.89;4.02058;15.17;-14.64;-0.72475;27.91;-19.38;3.04452;55.34;25.68;37.23663
5;AT/AT;1.12;-2.18;-0.4045112016293279;1.3;-2.7;-0.8040631364562119;7.69;2.57;6.520112016293279;19.53;-13.1;0.21682281059063135;34.47;-12.88;18.212800407331976;61.07;29.79;48.150152749490836
6;TG/CA;1.18;-2.54;-1.097852147852148;1.98;-1.66;0.7175624375624375;4.02;2.22;3.0792207792207793;11.83;-13.85;-1.363946053946054;17.11;-15.71;-0.4047952047952048;47.46;26.04;36.52884115884116
7;AG/CT;2.28;-2.3;0.2861138861138861;0.66;-2.23;-0.8917482517482518;4.64;2.49;3.365054945054945;17.16;-15.21;0.7047052947052947;24.56;-18.37;-2.5555844155844154;46.02;18.72;32.7599000999001
8;GA/TC;2.63;-2.15;0.4443231441048035;2.13;-2.42;-0.5997707423580786;5.35;2.63;3.62471615720524;18.19;-16.81;-0.028078602620087326;29.81;-17.5;9.078482532751092;76.63;19.66;35.82486899563319
1;GA/TC;3.86;-3.66;0.0890990990990991;1.97;-2.32;-0.38237237237237237;4.82;2.08;3.2567167167167166;18.04;-18.07;-0.252982982982983;29.56;-27.62;3.268898898898899;62.42;12.02;36.978998998998996
2;AC/GT;1.3;-2.93;-0.8157342657342658;1.43;-2.21;-0.14406593406593407;4.5;2.6;3.3766233766233764;15.49;-14.17;-1.002137862137862;19.67;-11.92;0.6351048951048951;50.17;22.19;38.11128871128871
3;CC/GG;1.42;-1.97;0.15392607392607394;0.63;-2.11;-0.8175724275724275;4.67;2.74;3.4124075924075923;12.75;-12.64;0.6058941058941059;15.09;-21.03;-0.9499400599400599;45.05;21.44;35.53875124875125
4;CC/GG;1.45;-1.61;0.3148293172690763;0.4;-2.46;-1.2663453815261043;7.58;3.02;4.022981927710843;10.63;-16.85;-0.5323092369477912;29.99;-15.15;3.0588453815261043;53.69;21.82;37.442991967871485
5;CA/TG;2.4;-2.7;-0.24959445037353256;1.05;-3.33;-1.008964781216649;7.72;2.63;6.645602988260405;19.6;-15.03;-0.8863820704375667;34.73;-17.22;17.105197438633937;69.79;25.11;44.21405549626468
6;AT/AT;2.08;-2.63;-0.9898701298701299;2.06;-2.01;0.2952647352647353;3.95;2.09;3.056873126873127;15.74;-12.12;1.3097402597402596;21.2;-23.18;-0.715054945054945;44.15;3.03;32.084565434565434
7;TG/CA;3.01;-2.12;0.41327902240325864;1.28;-2.28;-0.7810081466395112;5.15;2.02;3.2265682281059065;13.56;-13.0;0.569979633401222;34.56;-12.81;0.5434114052953157;67.41;17.37;34.85099796334012
8;AG/CT;3.23;-1.81;0.6825301204819277;1.84;-2.57;-0.8231124497991967;5.08;2.4;3.8234738955823295;19.3;-18.0;2.6670883534136545;31.19;-11.09;8.120401606425704;57.18;25.09;37.22210843373494
