index;step;shift_max;shift_min;shift_mean;slide_max;slide_min;slide_mean;rise_max;rise_min;rise_mean;tilt_max;tilt_min;tilt_mean;roll_max;roll_min;roll_mean;twist_max;twist_min;twist_mean
1;GA/TC;4.19;-4.5;-0.30718;5.36;-4.15;0.63028;4.59;-4.22;1.53488;154.08;-149.97;-20.23222;140.06;-136.92;21.92274;179.87;-178.38;15.688039999999999
2;AG/CT;1.84;-2.57;-0.914035964035964;1.93;-1.62;0.4976823176823177;4.69;2.72;3.415764235764236;14.52;-15.45;-2.114175824175824;19.94;-16.1;2.16988011988012;53.68;23.6;38.99624375624376
3;GC/GC;1.76;-1.28;0.4115684315684316;0.66;-2.11;-0.6756243756243756;4.54;2.7;3.5192507492507494;17.33;-11.18;1.0762937062937064;13.98;-15.69;-0.9262837162837163;47.49;21.22;34.35448551448552
4;CC/GG;1.42;-1.48;0.22356643356643358;0.5;-2.16;-1.098061938061938;7.36;2.87;3.7637862137862137;18.3;-11.63;0.1786213786213786;34.04;-14.73;-0.8463236763236763;59.18;29.07;40.437372627372625
5;CA/TG;1.22;-2.41;-0.53631;2.52;-2.88;-0.74993;7.75;2.41;6.53118;21.46;-12.96;5.08087;37.4;-9.6;19.66506;61.41;29.99;49.00893
6;AT/AT;2.08;-2.41;-1.073956043956044;2.04;-1.68;0.7978221778221778;4.14;2.43;3.0715784215784216;10.97;-16.17;-2.266123876123876;19.63;-17.58;0.42032967032967034;46.47;24.77;35.53052947052947
7;TG/CA;1.9;-1.29;0.34519791666666666;0.9;-2.44;-0.8985625;4.34;2.46;3.3015625;17.11;-9.94;0.7700208333333334;19.18;-16.89;-2.36884375;44.1;17.3;31.393677083333333
8;AG/CT;2.94;-1.44;0.5957837837837838;1.76;-2.06;-0.6163783783783784;5.12;2.51;3.6043783783783785;16.02;-15.3;0.0757297297297297;29.95;-20.46;8.282108108108108;53.17;12.43;36.108135135135136
1;GA/TC;4.37;-4.49;-0.15013;5.52;-4.25;0.7902;5.34;-4.57;0.66794;155.79;-159.72;-21.03247;177.87;-177.52;24.51332;179.92;-179.7;8.69636
2;AG/CT;2.22;-2.57;-0.8084215784215785;1.9;-2.14;0.23715284715284715;4.48;2.67;3.424845154845155;14.3;-20.46;-1.3318481518481518;18.12;-13.85;1.3868831168831168;51.61;22.7;38.175164835164836
3;GC/GC;2.09;-1.47;0.30278721278721277;1.48;-2.0;-0.7522077922077922;4.89;2.69;3.5283616383616385;14.12;-12.32;0.930929070929071;14.83;-16.81;-0.8421278721278721;47.98;22.4;34.26358641358642
4;CC/GG;1.58;-1.82;0.15374625374625375;0.94;-2.25;-1.0346653346653347;7.63;2.81;3.7726773226773225;21.23;-15.26;-0.1531968031968032;34.26;-16.26;-0.05886113886113887;59.69;29.76;40.324865134865135
5;CA/TG;1.3;-2.32;-0.515506519558676;1.83;-2.52;-0.5994082246740221;7.65;2.43;6.46555667001003;22.8;-11.63;2.6331394182547645;39.51;-13.75;19.539478435305917;63.41;28.41;49.81681043129388
6;AT/AT;1.37;-2.6;-1.0758241758241758;2.21;-1.55;0.7208191808191808;4.08;2.25;3.085144855144855;15.9;-16.79;-1.4525374625374625;20.91;-23.04;0.895074925074925;46.38;17.1;35.985594405594405
7;AG/CT;2.36;-2.25;0.3266399197592778;0.8;-2.15;-0.8642728184553661;5.18;2.71;3.3165396188565697;13.89;-12.93;0.9501303911735206;28.08;-21.22;-1.8290270812437313;47.39;21.09;32.36200601805416
8;GA/TC;4.63;-3.03;0.5560446009389671;4.2;-4.62;-0.7075352112676057;5.08;0.13;3.637030516431925;168.01;-175.32;-0.06866197183098595;33.48;-26.08;8.731079812206573;171.61;-165.98;35.670199530516435
1;GA/TC;4.21;-4.65;-0.07889;5.94;-4.58;-0.15405;5.14;-4.53;1.99115;152.43;-150.42;-0.6572;151.36;-139.77;3.42461;179.92;-179.8;34.0552
2;AG/CT;1.62;-2.62;-0.12548451548451547;1.42;-2.08;-0.6125474525474526;4.6;2.56;3.3246453546453547;10.91;-13.02;-1.2868531468531468;24.01;-20.55;1.626843156843157;49.13;12.07;32.384005994005996
3;GC/GC;1.52;-2.58;-0.5267334669338677;1.2;-2.53;-0.6808517034068137;7.39;2.59;3.4441583166332665;12.49;-17.59;-1.677555110220441;33.31;-16.72;0.14928857715430863;57.66;10.35;34.84875751503006
4;CC/GG;1.85;-1.85;0.11341;2.02;-2.2;-0.79891;7.64;2.86;3.76719;12.79;-12.77;0.0021899999999999927;32.21;-17.07;0.43518;59.07;25.85;40.88728
5;CA/TG;1.63;-2.39;-0.3717184265010352;1.54;-3.23;-0.9217908902691512;7.73;2.51;6.457080745341615;17.59;-13.26;0.774824016563147;39.72;-18.61;19.712453416149067;58.61;27.75;46.804120082815736
6;AT/AT;1.86;-2.19;-1.0768031968031968;2.3;-1.7;0.7740259740259741;4.02;2.23;3.0886713286713285;13.03;-14.26;-1.3940059940059941;27.78;-15.49;-0.6033866133866134;47.27;23.67;37.25763236763237
7;TG/CA;2.51;-2.03;0.4213761467889908;1.07;-2.21;-0.8617737003058104;4.41;2.6;3.352558613659531;14.1;-13.91;0.7463812436289501;21.66;-18.38;-3.46335372069317;46.16;21.9;33.71168195718654
8;AG/CT;3.77;-3.61;0.5182491186839013;1.5;-2.35;-0.5499764982373678;4.94;2.55;3.613936545240893;19.1;-18.08;0.09499412455934195;28.4;-24.92;8.247943595769682;69.54;20.96;35.887626321974146
1;GA/TC;4.4;-4.87;-0.35854;5.34;-3.72;0.21334;5.44;-4.52;3.02221;149.5;-150.58;-8.66132;179.13;-179.18;16.63273;179.91;-177.35;36.50454
2;AG/CT;1.82;-3.05;-0.36524475524475525;1.75;-2.07;0.0459040959040959;4.45;2.55;3.4086813186813187;19.33;-13.69;-0.8123276723276723;21.3;-14.18;1.3961438561438562;53.44;20.93;37.3988011988012
3;GC/GC;1.78;-1.71;0.3843956043956044;0.8;-2.08;-0.9232267732267733;4.63;2.65;3.538911088911089;14.37;-15.05;0.5450849150849151;12.5;-15.02;-0.7740359640359641;48.38;16.52;33.265154845154846
4;CC/GG;1.68;-1.61;0.14591;1.19;-2.47;-1.07135;7.61;2.81;4.27048;14.92;-14.04;0.7234;38.63;-15.0;3.33606;63.05;23.27;41.48633
5;CA/TG;1.78;-2.14;-0.3978549540347293;1.95;-2.85;-0.24384065372829417;7.72;2.34;6.083901940755873;18.54;-11.57;1.4765168539325844;36.8;-12.68;18.54023493360572;61.57;16.59;46.746986721144026
6;AT/AT;1.68;-2.14;-0.6133966033966034;2.01;-2.4;0.5735964035964036;4.02;2.21;3.086003996003996;19.82;-13.4;-1.2582917082917082;18.58;-18.79;-1.0862737262737263;45.54;19.01;35.85294705294705
7;AG/CT;2.82;-1.59;0.24394279877425945;1.32;-2.24;-0.8238202247191011;4.7;2.43;3.3828702757916242;14.08;-13.42;1.065679264555669;26.68;-32.45;-0.9892849846782431;71.74;20.2;33.09799795709908
8;GA/TC;2.89;-1.96;0.46687083888149133;1.82;-2.71;-0.6447003994673768;5.28;2.43;3.599613848202397;19.89;-18.25;0.0844474034620506;37.2;-21.89;8.888109187749667;71.5;14.95;35.66182423435419
