index;step;shift_max;shift_min;shift_mean;slide_max;slide_min;slide_mean;rise_max;rise_min;rise_mean;tilt_max;tilt_min;tilt_mean;roll_max;roll_min;roll_mean;twist_max;twist_min;twist_mean
1;GA/TC;5.33;-4.9;-0.07378;5.83;-4.54;1.19184;5.71;-4.28;0.2987;155.66;-154.13;-29.79538;172.38;-163.53;29.94973;179.78;-179.94;7.37159
2;AT/AT;1.19;-2.51;-0.9140959040959041;1.74;-1.7;0.21281718281718282;4.57;2.56;3.3954545454545455;11.64;-15.53;-2.1474925074925073;18.01;-12.81;1.7924875124875124;51.54;24.03;39.056993006993004
3;TC/GA;1.74;-1.12;0.07560439560439561;0.35;-1.92;-0.7087812187812188;6.69;2.52;3.287122877122877;15.81;-10.03;2.0943656343656345;21.71;-16.82;-2.4895604395604396;53.3;25.34;34.433406593406595
4;CC/GG;1.76;-1.73;0.28646353646353645;1.17;-2.02;-0.6022177822177822;7.6;2.71;3.838931068931069;14.57;-12.86;-1.1842357642357642;36.47;-13.0;1.7054745254745254;59.7;31.51;41.66304695304695
5;CA/TG;1.89;-2.08;-0.37485456369107323;1.72;-2.35;-0.6456268806419257;7.71;2.58;6.478224674022067;21.35;-13.96;1.9394483450351054;37.02;-18.34;20.31714142427282;62.23;27.42;48.408074222668006
6;AT/AT;2.29;-2.46;-1.0101598401598402;2.07;-1.78;0.8058141858141858;4.1;2.33;3.0734265734265733;12.34;-15.15;-1.466853146853147;24.05;-22.26;0.3873926073926074;46.13;21.83;36.846863136863135
7;TG/CA;2.03;-2.05;0.3804166666666667;1.13;-2.27;-0.846880081300813;4.58;2.63;3.3427337398373984;14.52;-14.11;1.0204573170731708;30.7;-19.01;-2.267428861788618;69.51;20.24;32.6619918699187
8;AG/CT;2.92;-2.26;0.5298773006134969;1.53;-2.57;-0.614920245398773;5.45;2.63;3.650319018404908;17.86;-20.44;0.24974233128834356;35.37;-14.32;8.955779141104294;50.69;17.98;36.088171779141106
1;GA/TC;3.35;-2.7;0.02093;1.87;-2.56;-0.32327;5.25;2.09;3.45804;17.02;-17.24;-0.69172;26.33;-25.45;4.10403;69.84;17.54;41.92077
2;AT/AT;0.93;-2.29;-0.4731468531468532;1.2;-1.87;-0.3791008991008991;4.73;2.38;3.501808191808192;13.56;-12.35;-0.26382617382617385;13.41;-13.02;1.1273626373626373;50.03;26.72;39.09836163836164
3;TC/GA;1.28;-1.16;-0.07745254745254745;0.43;-1.85;-0.6786113886113886;4.47;2.51;3.221168831168831;14.56;-9.04;1.210979020979021;10.81;-13.54;-2.3835864135864138;43.11;25.92;34.04747252747253
4;CC/GG;1.39;-2.03;0.32600200400801604;0.43;-2.27;-0.9785270541082164;7.63;2.77;3.753507014028056;13.65;-13.38;-1.0191382765531063;27.62;-10.98;1.5102004008016032;57.6;28.34;37.68060120240481
5;CA/TG;1.54;-2.85;-0.16949023861171367;1.31;-2.45;-0.9563991323210412;7.73;2.45;6.861095444685466;14.71;-16.28;-1.3842190889370933;37.34;-17.9;20.78745119305857;58.68;26.8;46.20466377440347
6;AT/AT;1.31;-3.34;-1.4411988011988013;2.15;-2.48;0.5388111888111888;4.08;2.29;3.1055944055944056;14.72;-14.01;-0.01113886113886114;18.8;-19.34;-1.6873326673326674;45.9;24.22;33.994055944055944
7;TG/CA;1.67;-1.34;0.34276;1.0;-2.38;-0.79477;4.23;2.52;3.26872;16.36;-11.13;0.86247;17.81;-18.0;-2.56988;45.16;17.38;33.56149
8;AG/CT;3.82;-1.39;0.6542505592841164;1.94;-2.52;-0.3494854586129754;5.53;2.41;3.5879530201342282;34.71;-16.78;0.7367337807606263;36.49;-33.91;6.538434004474273;80.03;17.35;37.64553691275168
1;GA/TC;6.15;-4.35;-0.05706;4.94;-4.23;-0.29552;5.04;-3.69;3.37283;143.75;-148.32;-0.7049200000000001;136.06;-130.32;5.05784;163.81;-172.35;40.91426
2;AT/AT;1.11;-3.39;-0.4560639360639361;1.52;-2.03;-0.40842157842157845;4.37;2.58;3.416783216783217;13.7;-15.1;-0.051798201798201805;19.32;-13.72;0.278031968031968;52.52;25.39;37.4688011988012
3;TC/GA;1.37;-1.65;-0.00972027972027972;0.51;-1.82;-0.7148751248751248;4.6;2.49;3.298071928071928;13.32;-11.61;0.5760939060939061;14.3;-16.62;-2.727312687312687;50.64;24.66;35.48241758241758
4;CC/GG;1.39;-1.86;0.11386;0.48;-2.62;-0.84928;7.66;2.71;4.45797;17.6;-16.59;0.66592;32.67;-17.11;4.2349;60.97;28.9;41.31645
5;CA/TG;1.37;-2.51;-0.7657615230460922;1.95;-2.02;-0.21243486973947895;7.77;2.53;5.822474949899799;20.39;-13.03;1.465370741482966;41.75;-19.78;15.181412825651302;62.82;24.9;46.86818637274549
6;AT/AT;2.26;-2.37;-0.7910889110889111;2.41;-1.81;0.6294205794205794;6.7;2.28;3.138771228771229;12.19;-12.47;-1.3815684315684316;15.05;-18.74;-1.5082517482517483;62.74;23.92;35.732317682317685
7;TG/CA;2.51;-1.82;0.46085084033613444;1.39;-2.55;-0.7538865546218487;4.85;2.59;3.3895903361344537;18.79;-13.29;0.6191701680672269;29.78;-34.33;-0.8456302521008403;50.46;22.7;33.82876050420168
8;GA/TC;3.75;-2.03;0.6165615615615616;1.4;-2.8;-0.5427027027027027;5.38;2.25;3.6104954954954955;21.35;-16.45;0.4391891891891892;30.59;-17.79;8.812147147147147;62.86;18.15;35.564924924924924
1;GA/TC;5.37;-2.49;-0.44647;1.59;-1.94;-0.33629;5.2;2.11;3.47967;25.48;-18.48;-1.70357;28.11;-31.0;2.74854;130.56;13.0;37.681
2;AT/AT;0.99;-2.21;-0.30967032967032965;1.3;-1.58;-0.3943756243756244;4.78;2.58;3.505904095904096;15.01;-13.74;1.1035664335664335;19.06;-12.91;1.2633666333666334;50.57;21.02;39.75854145854146
3;TC/GA;1.48;-1.23;0.017672327672327674;0.46;-1.67;-0.5805094905094905;4.42;2.53;3.218721278721279;13.48;-9.6;0.9901298701298701;11.44;-15.65;-2.7997102897102897;42.68;24.27;33.97692307692308
4;CC/GG;1.57;-1.25;0.3947952047952048;0.2;-2.25;-1.0421478521478522;7.65;2.87;3.7991408591408593;14.79;-15.06;-0.6174325674325675;25.91;-13.71;0.3376023976023976;56.46;30.13;38.736883116883114
5;CA/TG;1.97;-1.95;-0.0860446247464503;1.5;-2.43;-0.7250811359026369;7.75;2.63;6.691997971602434;21.58;-14.96;1.7054665314401622;37.64;-5.88;20.091369168356998;64.33;30.59;49.12366125760649
6;AT/AT;1.07;-3.01;-1.082097902097902;2.11;-1.92;0.8907692307692308;4.12;2.19;3.062997002997003;12.88;-14.8;-1.8184115884115883;16.05;-20.09;-0.4923776223776224;46.94;23.82;36.25134865134865
7;TG/CA;2.1;-1.3;0.3603003003003003;0.62;-2.77;-0.924934934934935;4.71;2.58;3.35022022022022;13.88;-11.52;0.7568068068068068;31.95;-19.88;-2.855815815815816;46.5;20.73;32.02934934934935
8;AG/CT;3.22;-2.22;0.3599384236453202;2.24;-2.42;-0.6115147783251231;5.32;2.51;3.702820197044335;17.67;-16.13;0.20139162561576354;33.77;-21.49;8.70942118226601;78.52;21.93;36.913374384236455
