index;minor_max;minor_min;minor_mean;major_max;major_min;major_mean
3;17.0;9.5;12.28483935742972;21.0;13.6;16.07570281124498
4;18.3;13.3;14.891474423269809;22.2;13.9;17.405516549648947
5;20.0;15.9;17.104897959183674;23.0;13.2;17.837244897959184
6;20.6;16.6;17.901600985221673;22.8;13.9;17.871182266009853
3;16.1;10.2;12.060130718954248;21.3;13.6;16.50631808278867
4;18.3;13.6;15.25854189336235;24.3;16.4;20.619477693144724
5;19.7;16.0;17.504901960784313;24.2;15.4;19.79335511982571
6;20.6;16.6;18.223471882640588;25.6;15.6;18.995843520782397
3;16.4;9.9;12.572991967871486;20.9;13.1;16.992369477911648
4;18.0;13.2;15.299197592778334;23.8;15.1;18.495887662988967
5;20.0;16.1;17.235126582278482;23.2;14.6;18.42679324894515
6;19.9;16.6;17.83288084464555;22.9;13.3;18.164856711915537
3;16.4;9.9;11.833807106598984;21.4;13.5;15.80730964467005
4;18.2;13.0;14.93367139959432;22.7;15.7;19.06389452332657
5;19.4;15.9;17.253963414634146;22.9;15.0;19.16270325203252
6;20.4;16.7;18.101254705144292;24.2;14.9;18.934629861982433
