index;step;shift_max;shift_min;shift_mean;slide_max;slide_min;slide_mean;rise_max;rise_min;rise_mean;tilt_max;tilt_min;tilt_mean;roll_max;roll_min;roll_mean;twist_max;twist_min;twist_mean
1;GA/TC;3.97;-3.69;-0.20512;5.18;-3.37;0.08294;5.08;-3.71;3.12024;139.8;-146.32;-2.71582;130.5;-141.2;9.0844;177.42;-177.78;38.9733
2;AC/GT;1.45;-2.85;-0.7314885114885115;1.51;-1.64;0.12167832167832168;4.47;2.58;3.3765634365634365;14.0;-15.42;-1.4058341658341658;21.75;-16.54;1.123876123876124;50.46;22.4;37.86833166833167
3;CC/GG;1.84;-1.51;0.34036963036963036;0.56;-2.49;-0.8162237762237762;4.92;2.52;3.4364335664335663;14.05;-10.23;1.5173226773226773;18.88;-20.59;-2.498191808191808;47.61;23.97;35.27561438561438
4;CC/GG;1.98;-1.68;0.24357;2.22;-3.02;-1.52105;7.6;2.93;4.18465;26.12;-17.03;-1.41504;37.43;-22.32;0.791;62.82;21.16;37.64759
5;CA/TG;1.82;-2.26;-0.5142116182572614;2.39;-3.21;-0.8956742738589212;7.74;2.39;6.508060165975103;27.72;-17.07;7.54201244813278;42.67;-11.63;22.59054979253112;64.62;17.05;48.34890041493776
6;AT/AT;1.59;-2.44;-0.9461738261738262;2.1;-2.22;0.45627372627372625;4.07;2.22;2.9975924075924074;12.56;-17.85;-3.0565234765234766;20.28;-21.42;1.1854045954045953;58.07;12.18;32.22072927072927
7;TG/CA;2.57;-2.75;-0.03539086294416244;0.71;-2.23;-0.772497461928934;4.94;2.29;3.234467005076142;13.12;-13.75;1.20697461928934;22.44;-20.79;-1.3776243654822335;70.66;20.56;33.78401015228427
8;AG/CT;2.78;-2.32;0.39057607090103397;1.73;-2.94;-0.7737518463810931;5.14;2.5;3.7021270310192023;23.05;-20.16;0.6427326440177252;32.06;-18.68;7.994224519940916;62.53;19.8;35.44676514032496
1;GA/TC;5.11;-2.68;0.25246246246246246;2.67;-2.86;-0.40758758758758756;4.92;2.04;3.2605505505505508;40.42;-19.46;0.4552852852852853;22.33;-22.83;3.3576776776776778;145.37;-72.06;43.67047047047047
2;AC/GT;1.36;-2.82;-0.6618481518481518;1.33;-2.24;-0.16214785214785216;4.4;2.56;3.3602497502497504;13.06;-14.39;-1.1953046953046953;20.36;-16.01;-0.7203396603396603;50.3;17.0;37.813066933066935
3;CC/GG;1.59;-1.63;0.20713286713286713;0.35;-2.35;-0.9470629370629371;5.19;2.68;3.4664435564435565;15.53;-11.96;0.7952347652347652;19.42;-16.81;-1.3613086913086914;46.89;21.02;35.370519480519484
4;CC/GG;1.45;-1.35;0.13478;0.39;-2.56;-1.47063;7.36;2.79;4.33981;12.72;-14.05;-0.94967;33.9;-19.66;1.3204500000000001;58.65;23.94;36.28881
5;CA/TG;1.76;-2.68;-0.3571443406022845;1.75;-3.47;-0.8881100726895119;7.68;2.55;6.557892004153686;16.76;-15.83;-0.09582554517133957;40.96;-7.69;22.843167185877466;60.15;21.16;45.343530633437176
6;AT/AT;1.68;-4.0;-1.055954045954046;1.73;-1.59;0.13567432567432566;6.39;2.14;3.0653746253746252;14.1;-25.75;-0.5926873126873127;29.56;-23.13;4.132397602397602;53.5;11.65;31.532997002997003
7;TG/CA;3.17;-2.1;0.21149298597194388;0.59;-2.67;-0.7491282565130261;4.78;2.42;3.2328356713426856;18.42;-11.3;0.7447695390781564;25.73;-25.82;-0.7910120240480962;61.7;12.97;31.714559118236473
8;GA/TC;3.61;-2.48;0.47515188335358444;2.4;-2.78;-1.0543256379100852;5.75;2.03;3.7960388821385176;19.7;-18.32;0.3518347509113001;32.4;-21.06;9.287982989064398;71.78;12.46;35.496840826245446
1;GA/TC;4.83;-4.88;-0.059430000000000004;5.59;-4.03;-0.1663;6.02;-3.84;2.01582;155.55;-157.25;13.72409;131.21;-139.89;-6.28179;179.64;-179.07;43.94428
2;AC/GT;1.11;-3.1;-0.9472627372627372;1.67;-1.57;0.30595404595404596;4.54;2.5;3.3536163836163837;13.31;-17.09;-1.632067932067932;24.47;-21.06;1.2723576423576424;49.12;19.38;37.124435564435565
3;CC/GG;2.24;-1.68;0.44955044955044954;1.02;-2.48;-0.7151148851148851;5.4;2.65;3.4614985014985016;13.4;-11.88;1.904085914085914;15.96;-21.33;-3.117072927072927;46.72;23.88;36.27757242757243
4;CC/GG;1.62;-1.13;0.3035364635364635;1.32;-3.14;-1.5306893106893107;7.44;3.0;4.06004995004995;13.39;-16.67;-2.0215184815184815;30.31;-18.41;0.9236663336663337;56.91;23.55;36.93622377622378
5;CA/TG;1.66;-2.5;-0.3613131313131313;2.0;-2.55;-0.05493939393939394;7.75;2.6;6.70479797979798;24.88;-12.32;4.419232323232324;40.14;-10.78;21.82512121212121;60.04;26.52;48.87712121212121
6;AT/AT;2.34;-4.32;-1.3064235764235763;1.98;-2.54;0.4801998001998002;6.5;2.14;3.071838161838162;16.79;-16.46;-1.4435464535464535;32.61;-17.65;3.7406293706293705;63.12;10.65;32.95046953046953
7;TG/CA;2.78;-2.3;0.23758793969849246;1.67;-2.35;-0.7873869346733668;5.63;2.63;3.267396984924623;13.2;-12.67;0.7992060301507538;25.85;-24.87;-0.4801005025125628;68.32;9.46;31.040010050251258
8;AG/CT;3.54;-1.86;0.48623921085080146;2.03;-2.6;-0.8702589395807645;5.21;1.78;3.7607768187422934;20.59;-18.07;0.568964241676942;35.82;-33.73;10.161072749691739;68.63;10.65;35.7550924784217
1;GA/TC;4.33;-5.4;0.03762;5.28;-4.4;1.22417;5.86;-4.06;0.69503;157.36;-154.43;-36.55085;163.17;-140.49;30.7048;179.37;-179.98;4.37858
2;AC/GT;1.1;-2.61;-0.6893806193806193;1.55;-2.27;0.013316683316683318;4.83;2.43;3.3812487512487515;10.44;-15.69;-1.7904695304695304;18.16;-20.59;-0.9727872127872128;48.37;19.65;37.776783216783215
3;CC/GG;2.38;-1.43;0.26515484515484516;1.24;-2.24;-0.8932167832167832;4.55;2.65;3.4845654345654347;14.17;-13.83;0.4463936063936064;17.66;-24.46;-2.758961038961039;54.4;24.01;36.53796203796204
4;CG/GG;2.06;-1.59;0.16027027027027027;2.74;-3.05;-1.1723723723723725;7.05;2.67;3.757877877877878;31.66;-22.24;-2.943973973973974;27.77;-15.18;3.1804004004004005;67.38;23.51;38.9850950950951
5;AT/AT;2.84;-6.99;0.12642934196332253;4.2;-3.5;-0.25672060409924485;7.57;1.88;4.406774541531823;34.79;-8.75;8.781661272923408;40.33;-43.19;11.177076591154261;92.12;11.54;47.24217907227616
6;AG/CT;5.55;-7.37;-1.164294117647059;4.39;-4.12;0.41743137254901963;6.66;-0.53;3.0740588235294117;167.03;-128.64;2.889529411764706;33.07;-93.54;5.966294117647059;146.53;-103.99;30.72437254901961
7;GA/TC;2.68;-2.84;0.21401146131805157;3.06;-4.46;-1.2461174785100286;6.58;-1.49;3.411805157593123;170.46;-169.96;0.8158882521489971;88.31;-63.46;-1.1930372492836676;166.91;-112.3;38.46842406876791
8;AC/GT;3.95;-1.91;0.5696676737160121;1.64;-3.61;-0.4223564954682779;6.05;1.86;3.443474320241692;18.24;-17.41;0.20335347432024167;30.61;-14.3;7.832114803625378;84.81;18.01;36.50918429003021
