index;step;shift_max;shift_min;shift_mean;slide_max;slide_min;slide_mean;rise_max;rise_min;rise_mean;tilt_max;tilt_min;tilt_mean;roll_max;roll_min;roll_mean;twist_max;twist_min;twist_mean
1;GA/TC;4.46;-5.39;-0.34429;5.6;-4.39;0.17357;6.04;-4.14;1.52087;152.97;-149.59;-9.48711;136.34;-139.03;9.68436;177.38;-179.52;14.62542
2;AA/TT;1.65;-2.81;-0.6888911088911089;1.28;-1.93;-0.17584415584415583;4.74;2.64;3.523006993006993;15.25;-13.56;0.2396003996003996;19.9;-16.41;1.893916083916084;50.44;20.19;38.43882117882118
3;AC/GT;1.54;-2.68;-0.2863736263736264;0.86;-2.5;-0.3727172827172827;4.58;2.71;3.411828171828172;11.51;-11.67;-0.23832167832167833;15.2;-20.79;-1.3828071928071928;47.66;20.51;36.56976023976024
4;CC/GG;1.95;-1.45;0.43776;1.6;-2.68;-1.24255;7.72;2.64;3.76945;17.08;-13.0;-2.17971;33.62;-19.51;-1.82727;53.96;25.17;36.33441
5;CA/TG;1.52;-3.17;-0.40235173824130877;2.24;-2.28;-0.17063394683026584;7.78;2.69;6.67719836400818;25.76;-12.48;5.206717791411043;43.52;-16.8;21.889775051124744;56.61;24.83;42.27264826175869
6;AT/AT;1.14;-3.32;-1.6902797202797202;1.96;-1.58;0.5743456543456543;4.16;2.31;3.1232067932067933;14.74;-14.1;-0.6493806193806194;30.27;-19.86;0.9090609390609391;47.8;14.36;33.38415584415584
7;TG/CA;2.37;-1.92;-0.26337688442211055;0.88;-1.87;-0.5814572864321608;4.52;2.54;3.2952361809045225;14.4;-12.05;0.3839396984924623;21.02;-26.46;-2.8439798994974876;44.42;21.37;31.41793969849246
8;GA/TC;3.38;-1.85;0.6863321799307959;2.56;-2.47;-0.26170703575547866;5.45;2.57;3.6574163783160323;20.15;-18.28;-0.059019607843137256;34.11;-31.19;9.01760092272203;78.33;16.95;37.58833910034602
1;GA/TC;5.44;-6.52;0.14996;6.83;-4.47;1.92497;5.26;-4.17;0.78561;156.2;-150.41;-58.08059;142.54;-137.99;51.58091;179.0;-179.81;-0.5751399999999999
2;AA/TT;1.13;-3.49;-0.8627772227772228;1.66;-1.82;-0.044405594405594405;4.78;2.63;3.472847152847153;15.58;-12.14;-1.290979020979021;21.11;-13.89;1.036063936063936;58.73;24.8;38.768181818181816
3;AC/GT;1.31;-2.36;-0.13104895104895106;1.36;-2.34;-0.6786913086913087;4.91;2.62;3.4073226773226772;12.29;-15.78;-0.8331268731268732;12.3;-17.5;-0.14845154845154845;48.45;22.34;35.952877122877126
4;CC/GG;1.75;-1.74;0.4255911823647295;0.7;-2.81;-1.4755110220440881;7.6;2.89;3.8539478957915834;12.69;-14.04;-0.8362124248496994;37.74;-20.07;-0.29192384769539076;51.58;24.05;33.64296593186373
5;CA/TG;5.48;-2.75;-0.37892857142857145;1.41;-2.74;-0.8145562770562771;7.73;2.33;6.714329004329004;21.14;-13.86;2.497218614718615;40.87;-42.41;25.20930735930736;147.73;28.94;45.49474025974026
6;AT/AT;1.02;-3.9;-1.61612;1.92;-1.55;0.46313;4.19;2.28;3.15575;43.49;-18.52;-2.73045;50.64;-22.83;1.35564;45.63;-108.52;34.91567
7;TG/CA;2.98;-2.46;0.08357862903225806;1.7;-2.18;-0.7530141129032258;4.42;2.5;3.282328629032258;24.93;-16.83;0.19264112903225805;20.33;-17.53;-2.6693951612903226;48.98;18.06;32.07662298387097
8;AG/CT;5.21;-2.42;0.9950823827629911;2.07;-1.84;-0.030975918884664135;4.95;2.4;3.5275411913814954;20.88;-23.65;1.6501394169835235;30.04;-24.63;5.470722433460076;71.7;10.04;37.295057034220534
1;GA/TC;5.2;-5.64;0.5428499999999999;5.47;-4.32;1.14933;5.28;-4.71;2.10648;153.37;-154.63;-46.76515;154.09;-143.89;40.01432;179.81;-178.89;29.04388
2;AA/TT;1.28;-2.63;-0.4595904095904096;1.08;-2.29;-0.4320679320679321;4.52;2.66;3.4784015984015983;14.26;-14.04;-1.0200599400599402;15.97;-17.32;-0.14083916083916084;50.82;21.51;37.98623376623377
3;AC/GT;1.38;-2.27;-0.12581418581418582;0.63;-2.12;-0.9330669330669331;5.23;2.66;3.424915084915085;9.12;-16.79;-1.5075324675324675;16.06;-16.7;-0.8193406593406594;45.84;23.8;35.18913086913087
4;CC/GG;1.82;-2.12;0.02101626016260163;0.66;-3.01;-1.0747459349593496;7.78;2.73;4.063932926829268;21.36;-14.37;-1.2616666666666667;37.34;-27.3;2.2415650406504066;58.26;25.57;36.437489837398374
5;CA/TG;1.95;-5.23;-0.34049788135593223;7.19;-2.27;-0.31095338983050846;7.77;-0.8;6.431239406779661;138.13;-27.76;1.9316631355932203;70.55;-15.16;22.819936440677967;70.45;-167.18;47.023506355932206
6;AT/AT;2.72;-5.98;-1.5475690021231423;1.95;-1.55;0.5277813163481954;5.74;-4.04;3.1724416135881106;14.99;-23.38;-3.1615180467091295;39.7;-20.94;2.425339702760085;89.61;-61.85;37.85033970276009
7;TG/CA;3.48;-2.27;0.27012360939431396;1.39;-2.0;-0.7089245982694685;5.49;1.58;3.2514091470951794;16.93;-12.77;0.5876885043263288;35.84;-20.69;-0.963584672435105;68.57;16.8;32.16584672435105
8;AG/CT;3.92;-2.17;0.6757272727272727;2.1;-2.57;-0.43378181818181816;5.39;2.52;3.5486545454545455;18.77;-24.47;-0.12914545454545456;30.2;-15.57;9.127745454545455;70.33;18.55;35.19627272727273
1;GA/TC;4.72;-4.75;-0.10949;5.18;-4.92;0.25234;5.59;-3.44;2.78735;151.67;-151.76;-18.64971;135.53;-139.01;16.1058;178.52;-176.7;28.0863
2;AA/TT;1.88;-2.63;-0.3535864135864136;1.5;-2.01;-0.29022977022977026;4.97;2.52;3.4665134865134863;16.79;-15.42;0.14885114885114883;15.72;-18.87;-0.18943056943056943;50.74;16.77;38.592537462537464
3;AC/GT;1.62;-2.2;-0.09158841158841159;1.39;-2.2;-0.6873626373626374;4.46;2.45;3.397062937062937;12.35;-13.1;-1.2058141858141858;12.93;-14.79;-1.9977222777222776;47.21;21.65;35.38829170829171
4;CC/GG;1.92;-1.35;0.19040201005025126;1.15;-2.89;-1.137356783919598;7.65;2.82;3.8368341708542713;16.22;-15.07;-1.0403819095477387;39.95;-16.37;0.19300502512562814;57.14;23.34;35.686974874371856
5;CA/TG;2.3;-2.6;0.244321503131524;2.18;-2.25;-0.10165970772442588;7.74;2.52;6.5509707724425885;22.67;-14.24;5.581701461377871;42.68;-20.02;23.26946764091858;65.19;27.3;49.4255114822547
6;AT/AT;1.67;-2.7;-1.2067332667332666;1.87;-1.67;0.6048951048951049;4.0;2.3;3.1347652347652346;13.66;-16.48;-2.1088511488511488;21.11;-20.85;2.450729270729271;50.1;11.84;35.4284015984016
7;AG/CT;2.48;-2.1;0.12350151362260343;1.12;-2.21;-0.7312916246215944;4.8;2.45;3.2304238143289608;14.08;-10.96;0.6846014127144299;29.29;-15.75;-0.3239455095862765;43.26;18.67;30.926690211907164
8;GA/TC;3.93;-1.84;0.5820423412204234;1.66;-2.51;-0.6020298879202989;6.6;2.23;3.6384059775840596;18.96;-15.64;-0.02134495641344957;38.02;-29.3;10.239128268991283;52.14;17.41;35.524358655043585
