index;minor_max;minor_min;minor_mean;major_max;major_min;major_mean
3;17.0;9.1;11.991276595744681;20.7;14.4;17.742978723404256
4;19.7;12.9;15.283103081827843;22.8;15.5;18.41721572794899
5;20.6;16.2;17.828617021276596;22.4;14.8;18.605744680851064
6;22.5;17.1;18.998743718592966;22.7;13.4;18.216582914572864
3;16.3;9.5;11.831066945606695;21.4;13.9;17.24560669456067
4;18.7;12.6;15.163218390804598;22.9;15.6;19.22957157784744
5;20.4;15.9;17.85073221757322;23.7;14.4;19.280753138075315
6;21.8;17.5;19.185210466439134;23.2;14.0;18.296245733788396
3;17.0;10.1;12.334872979214781;22.5;14.8;17.514665127020784
4;19.3;13.4;15.487182448036952;24.2;14.7;19.749422632794456
5;20.4;16.7;17.921039603960395;24.0;14.9;19.68910891089109
6;22.1;17.5;19.264705882352942;24.4;14.9;18.70279411764706
3;18.4;8.8;12.23890041493776;20.7;13.5;17.488796680497924
4;19.8;13.3;15.472227979274612;22.8;15.7;18.4499481865285
5;20.3;15.8;17.526519337016573;24.3;13.3;19.074806629834253
6;21.3;16.2;18.54499274310595;22.9;13.8;18.61814223512337
