index;minor_max;minor_min;minor_mean;major_max;major_min;major_mean
3;18.4;10.0;13.145114345114346;21.4;13.2;17.31164241164241
4;20.1;13.4;15.604672897196261;23.3;15.0;18.763551401869158
5;20.6;16.0;17.7467793030623;24.1;14.5;19.197676874340022
6;22.1;17.3;18.930335365853658;25.4;13.1;19.110518292682926
3;19.7;10.1;12.898958333333333;23.7;15.4;17.811041666666668
4;20.3;13.5;15.697609147609148;24.6;16.2;19.917567567567566
5;21.0;16.6;18.238269030239834;25.1;15.2;19.776850886339936
6;22.2;17.1;19.39351145038168;24.5;15.4;18.958142493638675
3;16.7;10.0;12.748230535894843;22.0;13.5;16.874519716885743
4;19.2;13.4;15.221818181818183;24.8;15.2;19.067878787878787
5;23.7;16.4;18.1864837398374;24.2;14.8;18.85020325203252
6;22.5;17.8;19.681942714819428;23.5;13.6;18.38592777085928
