index;minor_max;minor_min;minor_mean;major_max;major_min;major_mean
3;17.9;10.0;12.552244897959184;20.9;13.8;16.195
4;19.0;13.3;15.407543323139654;20.9;13.9;17.298369011213047
5;20.3;16.1;17.778260869565216;22.3;13.0;16.655072463768114
6;20.6;17.6;18.730758988015978;21.5;12.7;16.550599201065246
3;16.7;9.7;12.24812108559499;21.4;13.1;16.551148225469728
4;18.9;13.4;15.22075078206465;23.6;14.3;18.56089676746611
5;20.8;16.1;17.549111807732498;23.0;13.5;17.411076280041797
6;20.5;17.1;18.55287221570926;24.5;12.7;17.3031652989449
3;18.2;10.4;12.888659793814433;20.8;15.1;18.171546391752578
4;20.3;13.6;15.600823892893924;20.6;14.1;16.194026776519053
5;21.1;15.8;17.47931392931393;20.4;12.1;16.413513513513514
6;19.7;17.0;18.124191461837;22.4;12.3;16.95679172056921
3;22.0;9.9;13.970579090555772;21.2;13.8;16.931441896618733
4;22.1;13.8;17.315967365967367;23.0;14.7;18.388927738927737
5;22.0;16.8;18.98208778173191;25.1;14.7;18.31862396204033
6;21.8;17.9;19.157183908045976;25.8;15.0;19.74985632183908
