index;step;shift_max;shift_min;shift_mean;slide_max;slide_min;slide_mean;rise_max;rise_min;rise_mean;tilt_max;tilt_min;tilt_mean;roll_max;roll_min;roll_mean;twist_max;twist_min;twist_mean
1;GA/TC;4.93;-4.81;0.4134;5.51;-4.21;1.50201;4.78;-3.58;1.85758;149.6;-154.15;-60.73683;135.44;-135.42;49.59449;179.11;-178.99;10.15954
2;AT/AT;1.69;-2.54;-0.6534165834165834;1.17;-2.36;-0.32221778221778224;4.73;2.57;3.491268731268731;13.44;-14.49;-1.7157442557442557;19.74;-15.94;-0.9603596403596404;52.99;23.12;39.513436563436564
3;TC/GA;1.09;-1.37;-0.16624375624375626;0.09;-1.83;-0.9123776223776224;4.52;2.58;3.2886413586413585;12.91;-11.65;0.3788711288711289;11.15;-17.02;-3.4445654345654346;48.69;21.56;32.607122877122876
4;CC/GG;1.31;-1.42;0.18013039117352056;0.5;-2.49;-0.737703109327984;7.53;2.57;3.6831895687061182;13.18;-17.28;-0.9909829488465396;38.06;-20.37;-1.3150651955867603;56.19;28.85;39.507111334002005
5;CA/TG;1.52;-2.3;-0.10175661375661375;1.71;-2.77;-0.6487407407407407;7.76;2.45;6.805280423280423;22.39;-13.24;1.8002539682539682;39.61;-11.01;24.430560846560848;60.11;14.66;48.319121693121694
6;AT/AT;1.28;-3.02;-1.1132267732267733;2.25;-1.46;0.5932267732267732;5.45;2.27;3.0189210789210787;13.68;-17.56;-1.8774625374625376;26.24;-13.12;3.4194405594405595;55.02;13.58;34.68771228771229
7;TG/CA;2.72;-1.84;0.26494;0.38;-2.84;-0.827;6.93;2.51;3.23036;15.73;-14.75;0.76477;27.56;-13.12;-0.76287;67.79;10.93;30.71551
8;AG/CT;3.03;-2.0;0.45953955135773317;2.04;-2.84;-0.9951475796930342;5.39;2.49;3.7368831168831167;20.01;-13.89;1.084887839433294;42.87;-17.12;9.684025974025975;70.85;14.17;35.265277449822904
1;GA/TC;4.72;-5.12;0.40629;5.49;-4.43;0.85361;5.49;-4.06;2.46544;152.23;-153.09;-39.78231;149.43;-137.25;30.93215;179.32;-179.74;23.15052
2;AT/AT;1.13;-2.43;-0.5566433566433566;1.33;-2.02;-0.35321678321678324;4.53;2.56;3.476973026973027;10.35;-15.8;-1.9499600399600399;16.8;-16.45;-0.5822477522477523;50.23;25.78;39.6610989010989
3;TC/GA;1.32;-1.28;-0.08242757242757243;0.38;-1.95;-0.8644555444555445;4.3;2.67;3.297872127872128;11.08;-11.17;0.19506493506493505;10.77;-18.29;-3.7856043956043957;46.77;18.83;32.572887112887116
4;CC/GG;1.28;-1.5;0.06695390781563126;0.89;-1.64;-0.5694488977955912;7.65;2.79;3.668827655310621;18.59;-14.19;-1.0796693386773546;38.24;-21.93;-4.20123246492986;58.66;29.06;41.452945891783564
5;CA/TG;1.51;-2.5;-0.15332291666666667;1.7;-3.37;-0.89;7.69;2.48;6.746395833333334;24.61;-12.54;2.04525;40.4;-7.48;24.614614583333335;63.61;23.03;45.661625
6;AT/AT;2.21;-2.96;-1.0495004995004995;1.96;-2.06;0.40955044955044956;4.0;2.32;3.0786013986013985;13.73;-17.66;-1.7598101898101899;27.26;-15.02;4.243836163836164;46.31;12.54;34.38042957042957
7;AG/CT;2.26;-1.44;0.16001;1.03;-2.24;-0.81162;4.73;2.42;3.19694;14.54;-13.19;0.78712;23.41;-14.51;-0.04504999999999999;43.76;16.94;30.7033
8;GA/TC;4.13;-1.68;0.42444444444444446;1.64;-2.76;-1.0392156862745099;5.6;2.28;3.805305010893246;20.44;-16.05;0.56479302832244;35.84;-17.22;9.417113289760348;61.9;18.6;34.95932461873638
1;GA/TC;4.29;-4.08;0.52244;4.97;-3.75;-0.39375;5.08;-1.34;3.37098;114.42;-124.86;0.84912;132.4;-133.45;3.80969;166.78;-176.95;46.33258
2;AT/AT;2.49;-2.31;-0.3550649350649351;0.98;-2.49;-0.6444455544455544;4.51;2.57;3.494935064935065;13.46;-14.48;-1.3932567432567433;15.15;-18.8;-0.07842157842157842;51.11;14.45;36.89077922077922
3;TC/GA;1.3;-1.95;-0.14796203796203797;0.23;-2.64;-0.9133966033966034;4.38;2.6;3.3233566433566435;11.17;-9.39;0.19704295704295705;16.39;-15.89;-2.6491508491508493;51.3;23.84;33.73138861138861
4;CC/GG;1.27;-1.5;-0.0020783132530120484;0.76;-1.87;-0.6359839357429719;7.73;2.6;3.8430421686746987;13.22;-16.47;-0.738995983935743;37.65;-20.56;-0.940281124497992;55.33;27.96;40.33995983935743
5;CA/TG;1.67;-2.85;-0.31603211009174315;1.51;-2.74;-0.7510894495412844;7.74;2.43;6.626983944954128;18.95;-14.37;-0.7195412844036697;43.04;-12.58;22.71712155963303;60.13;15.72;46.171433486238534
6;AT/AT;2.57;-3.53;-1.0366;1.68;-1.78;0.24796;5.81;2.28;3.03022;15.37;-16.4;-1.12611;27.55;-20.96;3.72989;66.45;7.75;30.80097
7;TG/CA;2.88;-2.57;0.14896588486140724;1.16;-2.8;-0.7088059701492537;4.38;2.42;3.19091684434968;13.86;-13.85;0.3298720682302772;27.63;-27.73;-1.1004690831556503;71.27;16.09;31.168422174840085
8;AG/CT;4.61;-1.59;0.36547169811320757;2.02;-3.99;-1.1733962264150943;5.81;2.03;3.8117987421383646;28.35;-18.21;0.7962767295597484;28.58;-13.29;9.707459119496855;68.19;14.93;35.132364779874216
1;GA/TC;4.91;-4.82;0.32272;5.44;-4.23;0.31214;5.15;-3.55;2.59771;153.57;-151.66;-29.88417;135.35;-146.17;21.89673;179.11;-177.91;28.77151
2;AT/AT;1.26;-2.44;-0.3186113886113886;1.11;-2.03;-0.7244755244755244;4.47;2.77;3.5155944055944057;13.64;-11.84;-0.3372227772227772;12.92;-14.88;-0.2007992007992008;51.37;21.89;38.282437562437565
3;TC/GA;1.68;-1.49;-0.15943056943056944;0.47;-2.05;-0.8148851148851148;4.14;2.54;3.278091908091908;14.41;-11.2;-0.023176823176823187;8.04;-15.66;-3.322977022977023;50.64;23.72;33.21226773226773
4;CC/GG;1.77;-2.69;0.037565130260521044;2.03;-1.81;-0.4456012024048096;7.63;2.73;3.872575150300601;21.19;-13.75;0.09270541082164328;37.02;-18.02;-1.3534268537074148;57.97;28.76;40.986442885771545
5;CA/TG;1.69;-2.0;-0.23454545454545456;1.74;-2.31;-0.3328615702479339;7.71;2.54;6.512283057851239;22.03;-18.4;1.0587809917355373;42.9;-20.18;21.673543388429753;57.63;25.9;45.53987603305785
6;AT/AT;1.9;-2.14;-0.8216983016983017;2.45;-1.92;0.7806293706293707;4.16;2.36;3.109110889110889;12.47;-17.31;-3.3986113886113887;20.21;-27.19;0.04613386613386615;47.16;13.39;36.97036963036963
7;TG/CA;2.06;-2.2;-0.013560042507970244;1.7;-2.7;-0.7559936238044633;4.67;2.24;3.2550265674814027;12.64;-13.71;0.44760892667375135;27.21;-18.4;-0.16608926673751329;69.88;14.13;30.262061636556854
8;AG/CT;4.33;-1.94;0.36395543175487466;1.81;-2.77;-0.5905153203342618;5.29;2.18;3.638008356545961;17.15;-16.63;-0.2861142061281337;37.01;-19.95;9.79233983286908;71.51;14.99;35.135445682451255
