index;step;shift_max;shift_min;shift_mean;slide_max;slide_min;slide_mean;rise_max;rise_min;rise_mean;tilt_max;tilt_min;tilt_mean;roll_max;roll_min;roll_mean;twist_max;twist_min;twist_mean
1;GA/TC;4.03;-4.69;-0.54506;4.91;-3.57;-0.21282;5.87;-2.97;3.39173;137.37;-140.47;-1.30285;105.14;-110.27;6.00832;137.82;-78.52;41.72265
2;AG/CT;1.85;-2.57;-0.30843156843156844;1.39;-1.74;-0.22708291708291709;4.38;2.59;3.3775824175824174;14.76;-16.97;-0.7071328671328672;15.35;-15.2;0.511068931068931;51.28;21.06;36.4989010989011
3;GC/GC;1.4;-2.51;-0.12596;0.97;-1.99;-0.71873;4.67;2.48;3.45527;11.84;-19.49;-0.98986;14.49;-16.96;-0.7721;46.79;19.49;34.46228
4;CC/GG;3.06;-1.57;0.2365065065065065;1.35;-1.97;-0.7544344344344345;7.71;2.84;3.9028428428428428;16.44;-13.89;0.6565765765765765;37.8;-27.92;-2.80987987987988;63.3;29.18;41.202132132132135
5;CA/TG;1.87;-1.91;0.020254065040650405;1.89;-2.18;-0.05317073170731708;7.79;2.54;6.601341463414634;19.02;-14.04;1.8210670731707317;46.18;-12.14;25.030325203252033;63.38;32.61;50.73828252032521
6;AT/AT;2.35;-2.32;-0.988981018981019;2.18;-1.28;1.0144955044955044;3.94;2.51;3.110949050949051;10.17;-16.88;-2.6044555444555444;14.94;-17.82;0.8521478521478522;50.18;22.84;39.50567432567433
7;TG/CA;2.59;-1.71;0.08674111675126904;1.75;-1.83;-0.661756345177665;4.38;2.6;3.24902538071066;16.34;-10.83;0.943989847715736;32.09;-22.5;-1.2659289340101523;45.59;15.37;31.274639593908628
8;AG/CT;3.59;-1.47;0.916086387434555;2.06;-2.17;-0.41585078534031417;4.82;2.41;3.5246596858638743;17.56;-20.8;0.07222513089005235;38.82;-16.18;8.88565445026178;76.11;18.3;35.669712041884814
1;GA/TC;5.35;-4.0;-0.28233;5.77;-3.72;-0.07751;5.77;-3.36;3.20967;128.09;-143.29;-2.94388;141.61;-136.85;5.96866;178.65;-178.81;39.60482
2;AG/CT;1.81;-2.41;-0.5312187812187812;1.53;-1.67;0.0040559440559440555;4.41;2.49;3.377252747252747;16.43;-16.47;-1.2323476523476524;17.49;-19.57;-0.24873126873126875;49.29;16.61;37.654075924075926
3;GC/GC;1.6;-2.08;-0.19986013986013987;0.86;-1.89;-0.7155944055944056;4.53;2.61;3.498021978021978;15.09;-15.99;-1.3945154845154846;16.94;-16.62;-0.3728271728271728;46.51;21.85;35.50705294705295
4;CC/GG;2.01;-1.29;0.21883883883883884;2.55;-2.42;-0.4574274274274274;7.45;2.81;3.8125125125125123;12.92;-11.88;0.6495395395395396;48.31;-26.75;-3.8751751751751753;58.29;26.86;40.564454454454456
5;CA/TG;2.22;-2.94;0.2724245577523413;2.84;-2.84;0.5800624349635796;7.76;2.69;6.710124869927159;32.31;-12.57;2.4040790842872006;50.85;-13.24;21.80962539021852;64.4;25.88;49.23637877211238
6;AT/AT;1.54;-3.34;-1.5387712287712287;2.17;-1.28;0.44694305694305697;4.3;2.33;3.193976023976024;11.32;-15.77;-2.430829170829171;26.71;-18.05;3.788131868131868;48.37;13.74;35.707002997002995
7;TG/CA;2.39;-1.46;0.11110220440881763;0.95;-2.02;-0.7275951903807615;4.39;2.62;3.251623246492986;17.3;-13.62;0.5986773547094189;22.65;-17.41;-1.4439478957915832;44.45;19.84;31.740210420841684
8;AG/CT;4.51;-1.91;0.8707838745800672;1.33;-2.2;-0.5141881298992161;5.07;2.37;3.6227099664053752;19.31;-18.28;0.8802799552071668;37.76;-20.94;8.532362821948489;51.69;15.03;35.931030235162375
1;GA/TC;6.08;-5.21;0.11706;5.1;-4.44;0.62798;6.23;-3.98;2.11284;158.67;-157.89;-26.81572;134.86;-138.28;22.65876;178.99;-179.99;25.98927
2;AG/CT;1.33;-2.53;-0.6926073926073926;1.27;-1.99;-0.04268731268731269;4.4;2.49;3.316153846153846;11.87;-18.82;-2.394765234765235;20.95;-14.01;0.8184415584415584;49.3;16.43;36.34973026973027
3;GC/GC;1.34;-2.37;-0.2927872127872128;0.59;-2.29;-0.9173326673326674;4.41;2.6;3.4462137862137863;16.38;-15.57;-1.8827672327672327;19.15;-17.39;0.3632567432567433;46.91;16.54;34.635264735264734
4;CC/GG;1.93;-1.44;0.0845045045045045;2.67;-1.71;-0.5469469469469469;7.71;2.86;3.9221721721721723;16.02;-11.72;1.698038038038038;36.72;-27.42;-1.1438838838838838;65.57;28.6;41.684124124124125
5;CA/TG;2.34;-2.82;0.3774203494347379;2.79;-1.38;0.779568345323741;7.76;2.55;6.682579650565262;18.53;-14.38;3.5325590955806785;45.09;-15.13;21.794953751284687;69.72;25.29;54.934450154162384
6;AT/AT;1.4;-2.8;-1.3032567432567432;2.08;-1.51;0.7815984015984015;4.26;2.17;3.077812187812188;10.83;-14.75;-2.1464035964035966;18.25;-15.46;0.5800399600399601;49.46;23.38;36.36902097902098
7;TG/CA;2.37;-1.74;0.29254032258064516;0.77;-2.26;-0.7331149193548387;4.44;2.51;3.2293850806451614;15.37;-10.8;0.9723790322580645;26.26;-16.21;0.3076915322580645;45.92;20.43;30.918790322580644
8;AG/CT;3.8;-1.68;0.8511389236545682;1.97;-4.29;-0.537622027534418;5.94;2.31;3.6582978723404254;20.32;-18.26;1.4673466833541928;34.38;-21.49;8.8659324155194;63.2;19.55;36.354818523153945
1;GA/TC;4.77;-4.74;-0.34847435043304464;7.23;-4.43;0.4180446369087275;5.87;-4.92;2.2520986009327117;154.36;-153.94;-13.353537641572284;140.52;-145.34;14.572081945369753;179.8;-179.83;26.733231179213856
2;AG/CT;2.11;-3.25;-0.5983216783216784;1.62;-1.6;0.05373626373626374;4.61;2.55;3.350859140859141;15.79;-16.66;-1.2464835164835164;20.88;-16.43;1.2296903096903098;52.21;17.78;36.07564435564436
3;GC/GC;2.96;-2.85;-0.5742057942057942;1.29;-1.76;-0.35058941058941057;4.74;2.51;3.4327672327672327;16.12;-18.55;-2.9465834165834166;15.78;-33.79;-1.3935564435564436;50.23;17.23;37.01983016983017
4;CC/GG;3.96;-1.54;0.6832690355329949;2.01;-2.29;-0.491746192893401;7.7;2.74;4.174568527918781;23.71;-13.44;2.937969543147208;49.5;-36.91;-5.641583756345177;52.04;22.38;40.89517766497462
5;CA/TG;2.71;-2.6;0.0720137299771167;2.53;-1.7;0.47962242562929064;7.77;2.28;6.472276887871853;30.38;-11.17;9.047608695652174;62.08;-28.17;28.856567505720825;49.4;16.24;34.69135011441647
6;AT/AT;1.53;-3.11;-1.0042157842157842;2.04;-1.2;0.6512987012987013;4.17;2.23;3.148871128871129;11.14;-17.15;-1.4492407592407592;26.28;-29.92;-3.038021978021978;47.1;23.02;35.87765234765235
7;TG/CA;2.18;-1.67;0.1908730964467005;1.66;-1.83;-0.5343857868020304;4.62;2.55;3.2944467005076143;13.63;-15.47;0.5884263959390863;34.04;-20.27;-0.6627106598984772;49.46;19.46;32.255086294416245
8;AG/CT;2.67;-1.99;0.1972760736196319;1.69;-1.86;-0.27280981595092024;5.13;2.54;3.6557668711656444;18.06;-17.72;-1.7921104294478527;33.07;-33.64;8.168;71.22;19.46;39.38957055214724
