index;minor_max;minor_min;minor_mean;major_max;major_min;major_mean
3;19.3;10.0;12.546004098360656;23.7;14.6;16.928381147540982
4;20.4;13.5;15.64216990788127;23.9;15.8;18.97123848515865
5;20.2;16.7;18.06889804325438;25.5;15.1;20.43305870236869
6;20.6;18.2;19.196445497630332;27.4;15.5;20.0718009478673
3;17.9;9.7;12.94358695652174;23.6;15.3;17.58608695652174
4;19.1;13.8;15.894874591057798;23.8;16.4;19.45637949836423
5;20.0;14.2;17.938048245614034;24.1;15.4;19.63464912280702
6;21.1;17.0;18.473480662983427;25.1;14.3;18.927624309392264
3;20.4;10.7;12.974946004319655;20.7;15.0;17.545788336933047
4;26.1;14.0;16.285421412300682;25.7;14.6;17.702847380410024
5;22.6;16.8;18.041611624834875;23.0;14.8;17.978731836195507
6;20.0;17.2;18.53752417794971;24.4;13.9;18.14429400386847
3;18.1;9.9;12.55615141955836;20.7;15.4;17.622502628811777
4;18.9;13.4;16.001680672268908;23.2;14.7;18.109873949579832
5;21.1;16.0;17.994267515923568;24.6;13.8;18.3156050955414
6;22.0;17.0;18.893832020997376;23.5;14.0;18.194881889763778
